97 81 11
67 77 5
55 75 16
17 58 19
98 55 19
70 73 3
26 39 15
82 56 17
9 81 4
75 26 7
62 92 16
34 21 2
31 86 11
20 95 12
85 84 18
68 13 17
98 14 10
26 7 20
35 74 16
47 57 19
0 9 16
52 19 17
10 22 6
53 2 1
44 42 18
22 5 17
93 56 9
34 16 13
56 25 9
32 73 17
79 5 10
36 43 2
43 91 20
18 7 20
17 39 19
70 54 8
24 96 18
92 60 7
28 66 16
21 27 5
69 76 12
33 28 1
85 38 1
25 33 9
39 89 13
35 46 6
32 59 13
97 48 5
18 2 8
36 47 16
71 14 14
5 41 15
49 84 20
69 62 17
9 57 10
40 35 5
69 71 11
41 0 7
77 93 5
81 54 20
69 98 18
25 10 16
31 62 20
39 75 18
37 2 7
22 13 20
32 45 14
13 41 2
4 72 20
23 85 5
87 88 6
12 94 7
99 62 15
90 13 18
17 47 10
69 48 20
65 96 8
38 79 20
5 54 3
6 19 1
80 66 2
81 31 18
6 46 14
42 67 20
0 70 15
27 96 5
12 80 9
13 45 8
95 96 8
43 58 12
24 54 12
56 86 15
55 32 6
53 99 12
34 95 13
46 60 14
99 75 15
92 45 3
69 52 14
61 48 5
60 3 6
18 95 1
82 98 16
54 27 7
50 75 16
73 40 9
62 40 5
12 39 14
54 63 1
66 37 14
25 94 2
4 71 1
78 20 17
99 61 18
9 6 11
59 25 12
3 84 11
58 29 1
26 67 15
69 56 13
26 94 12
8 64 17
85 9 13
51 7 17
19 73 8
74 18 15
85 18 13
88 29 4
67 6 6
13 44 11
88 47 11
88 56 3
76 54 4
3 79 5
34 94 16
57 59 14
68 59 18
50 20 5
5 30 3
81 7 1
71 79 5
30 41 10
31 15 20
18 94 9
93 8 19
83 62 11
29 91 4
27 72 11
84 36 17
96 10 18
95 54 8
64 57 15
33 97 11
28 0 13
77 14 3
28 9 3
65 58 7
28 18 16
86 90 15
37 85 7
46 54 17
78 95 16
98 73 5
7 53 12
38 68 20
92 39 4
69 46 12
30 36 16
20 1 15
54 12 3
48 90 3
63 88 6
54 30 6
21 91 18
94 84 10
32 11 4
60 82 20
35 25 18
99 28 14
44 92 9
64 70 18
56 66 4
53 79 18
2 95 12
67 72 19
61 28 8
50 28 10
7 57 16
71 87 11
94 52 8
29 90 20
97 71 14
80 0 2
37 75 8
14 82 14
38 49 12
26 47 18
59 90 1
17 93 4
20 0 12
95 12 20
91 60 1
40 94 2
52 59 14
34 29 3
88 9 10
34 38 19
74 83 11
45 47 13
88 27 18
32 86 17
56 65 9
97 66 17
38 26 20
67 71 11
49 44 18
16 96 7
70 76 3
30 3 19
8 3 6
71 59 11
11 26 15
60 40 16
83 42 17
21 58 15
95 16 6
65 2 17
65 11 14
66 74 11
65 20 19
43 81 18
86 79 15
70 62 13
50 4 11
18 42 16
19 7 20
55 91 10
40 39 15
36 87 20
94 28 4
92 95 14
29 66 17
83 46 2
64 32 1
53 32 20
14 13 3
22 26 2
3 13 1
2 48 1
76 6 11
88 8 11
97 38 4
12 98 11
15 5 1
74 91 13
18 1 20
38 16 20
51 98 7
49 25 17
90 26 12
80 3 16
24 99 5
79 44 19
63 27 1
28 60 16
75 1 13
9 65 19
94 14 11
6 41 14
69 88 15
6 68 16
52 35 1
8 96 4
62 76 19
34 5 10
45 5 15
2 43 17
51 66 6
45 32 18
89 29 9
86 51 2
55 45 8
16 72 8
71 17 9
13 94 11
77 78 6
40 38 8
77 87 4
48 51 3
28 82 3
52 21 19
61 97 2
53 4 8
33 44 10
74 45 14
73 89 14
12 70 5
78 42 12
24 71 2
35 80 9
59 47 20
65 90 16
48 19 11
68 95 6
92 80 9
33 12 14
80 96 14
42 79 8
50 92 18
84 81 16
51 56 1
95 90 20
78 19 10
23 83 4
35 57 6
82 7 7
82 16 7
17 45 17
40 10 16
38 77 4
80 55 3
29 19 17
9 59 6
21 24 6
77 86 8
62 34 9
6 44 7
7 98 4
73 43 11
93 30 1
11 77 10
0 86 17
22 6 15
51 42 1
20 73 6
67 5 18
97 18 4
95 94 20
89 23 20
98 1 15
98 10 19
35 70 13
5 29 20
88 82 19
48 9 20
81 33 1
7 93 1
69 86 8
42 69 8
11 63 17
19 76 15
2 5 6
20 59 7
35 20 13
55 7 11
1 36 7
36 12 15
70 14 7
35 56 4
53 92 20
57 53 13
79 1 20
22 95 3
46 62 13
46 80 3
80 45 4
42 46 13
19 53 19
54 29 15
54 38 15
51 14 4
66 12 14
23 41 1
84 57 10
66 30 3
96 40 6
53 69 7
67 13 3
4 73 15
99 54 6
80 31 10
69 40 5
77 53 18
68 84 1
7 65 10
21 9 3
73 10 19
8 48 20
82 86 20
61 63 9
42 68 9
74 11 3
32 5 4
20 58 18
13 37 8
87 84 13
17 7 3
5 23 8
9 21 12
49 66 15
7 60 15
79 76 11
73 5 17
26 82 6
20 17 18
29 84 3
31 26 9
94 73 11
31 35 4
24 23 12
87 61 17
4 54 18
34 55 4
88 44 9
86 83 8
15 41 6
78 79 11
86 92 1
69 21 17
50 26 18
18 55 3
42 49 2
20 12 17
12 17 18
84 33 14
60 75 9
75 82 15
65 10 18
37 46 12
22 57 6
46 24 1
32 98 12
37 64 1
14 62 19
58 7 8
26 36 7
49 47 8
69 25 9
3 89 17
55 90 16
79 57 11
78 92 11
15 54 16
8 15 4
18 50 10
0 11 4
63 58 5
83 54 7
29 92 20
23 21 7
52 66 9
96 20 13
53 49 19
45 63 4
38 24 2
7 18 15
69 11 10
58 20 16
55 85 4
27 14 9
82 48 20
26 58 12
89 96 20
71 75 8
19 37 20
21 65 1
83 58 7
72 21 1
44 48 14
33 57 4
56 22 4
53 35 19
65 0 14
85 76 9
88 20 8
14 34 3
97 59 3
43 88 17
97 68 11
78 64 11
67 91 17
90 56 12
28 81 14
71 61 4
71 70 5
5 97 5
84 18 20
75 49 20
64 12 20
10 41 12
81 92 17
96 1 11
41 65 16
3 29 18
32 74 3
67 41 20
32 83 9
51 96 16
68 27 20
98 28 9
